Mean Rank: 722
Mean RR: 0.0076
Hit@1: 0.0000
Hit@3: 0.0063
Hit@5: 0.0063
Hit@10: 0.0125
14.354593276977539
13.415597915649414
13.146049499511719
12.768070220947266
13.417461395263672
13.311212539672852
13.202903747558594
13.42343521118164
13.41448974609375
12.396305084228516
12.487239837646484
12.225287437438965
11.998427391052246
12.178796768188477
12.066195487976074
12.476691246032715
11.339290618896484
11.409944534301758
10.786930084228516
11.217132568359375
11.806053161621094
10.410196304321289
10.411715507507324
10.104875564575195
9.912662506103516
9.554985046386719
9.527705192565918
9.137829780578613
9.221548080444336
8.758013725280762
8.60178279876709
8.24109935760498
7.696956634521484
7.832827568054199
7.618820667266846
7.129053115844727
7.168396949768066
6.795413017272949
6.834865093231201
6.405876159667969
6.986327171325684
6.767786979675293
6.831579208374023
7.195394515991211
6.590274333953857
7.033895015716553
6.432790756225586
6.552261829376221
6.402307510375977
6.612116813659668
6.177067756652832
6.5770978927612305
6.510225296020508
5.863405227661133
6.47149658203125
5.752001762390137
6.266800880432129
6.424899101257324
6.183954238891602
5.993945121765137
6.0703325271606445
6.160340309143066
5.906124114990234
5.8397979736328125
5.893575191497803
5.840292930603027
5.59560489654541
5.571803569793701
5.853562355041504
6.072756290435791
5.954288482666016
5.599588394165039
5.455439567565918
5.580352783203125
5.604473114013672
5.597858428955078
5.485548496246338
5.506990432739258
5.106310844421387
5.269907474517822
5.200282096862793
5.506811141967773
5.73298454284668
5.322577953338623
4.824581623077393
5.429939270019531
5.25233268737793
5.384703636169434
5.351945877075195
5.332773208618164
5.06027889251709
5.02782678604126
5.011951923370361
5.365383148193359
5.082079887390137
5.754316329956055
4.671257972717285
4.9959917068481445
4.8178558349609375
4.887819766998291
4.744353771209717
5.141737461090088
4.753907203674316
4.536371231079102
4.895987510681152
4.928672790527344
4.929113388061523
4.679178237915039
4.872226238250732
4.907227516174316
4.868455410003662
4.750814437866211
4.785014629364014
5.004974365234375
4.883257865905762
5.072751998901367
4.412310600280762
4.387845993041992
4.774166107177734
4.680829048156738
4.859853744506836
4.863780975341797
4.593362331390381
4.459366798400879
4.840395927429199
4.58455753326416
4.676700592041016
4.374594211578369
4.403201103210449
4.45741081237793
4.583070755004883
4.4844746589660645
4.748483657836914
4.943965911865234
4.6785759925842285
4.771641731262207
4.3624372482299805
4.619998931884766
4.294371604919434
4.497637748718262
4.427567481994629
4.1248369216918945
4.143304347991943
4.853190898895264
4.600455284118652
4.140133380889893
4.537853240966797
4.2144670486450195
4.33818244934082
4.551944732666016
4.024885177612305
4.4594197273254395
3.7639966011047363
4.3669915199279785
4.364107608795166
4.123018741607666
4.362800598144531
4.355051040649414
4.357686519622803
4.159088134765625
4.165169715881348
4.101217269897461
4.226297378540039
3.80387806892395
4.2397871017456055
4.217536926269531
3.921137809753418
4.177369117736816
4.318950653076172
4.183487892150879
4.37415885925293
3.994338035583496
4.370185375213623
4.07050895690918
4.037212371826172
3.995840311050415
3.983677864074707
4.58574104309082
4.183803558349609
4.222694396972656
3.9874091148376465
3.9608259201049805
4.062202453613281
4.2808074951171875
3.8663418292999268
4.017178058624268
3.98978328704834
4.4011430740356445
3.97318172454834
4.3570380210876465
4.053722381591797
3.8078033924102783
4.188274383544922
3.8301401138305664
3.8431615829467773
3.3182740211486816
3.6938867568969727
4.029810428619385
4.197498798370361
3.8466379642486572
3.9990904331207275
3.9121029376983643
3.9358389377593994
4.1264328956604
3.9010508060455322
4.051117897033691
3.8803114891052246
3.9936323165893555
4.386357307434082
3.894519805908203
3.757477283477783
4.297631740570068
3.6278481483459473
3.877634286880493
3.934565782546997
3.7086520195007324
3.883810520172119
3.832535743713379
4.012476444244385
3.735980987548828
3.7231807708740234
4.157536506652832
3.65338397026062
3.5483524799346924
3.626845121383667
3.780562162399292
3.57755184173584
3.83134388923645
3.721619129180908
3.8520045280456543
3.7895607948303223
3.225590944290161
3.4879345893859863
3.830789804458618
3.5077333450317383
3.5991644859313965
3.9863991737365723
3.3096752166748047
4.095897197723389
3.791110038757324
3.7499284744262695
3.7086033821105957
3.9012351036071777
3.669522762298584
3.998718738555908
3.4921085834503174
3.7513694763183594
3.483023166656494
3.2960314750671387
3.957833766937256
3.2917771339416504
4.0847320556640625
4.048401355743408
3.4245107173919678
3.3774476051330566
3.6562352180480957
3.714247703552246
3.4938697814941406
3.432931900024414
3.9185361862182617
3.520968437194824
3.954287052154541
3.736757278442383
3.4388394355773926
3.653043031692505
3.593879222869873
3.4909274578094482
3.5282671451568604
3.8051538467407227
3.6091275215148926
3.5328540802001953
3.580965280532837
3.6343941688537598
3.865377426147461
3.7992358207702637
3.703970432281494
3.6479406356811523
3.306550979614258
3.6054036617279053
3.5255603790283203
3.614993095397949
3.585265636444092
3.5538833141326904
3.6632277965545654
3.370002508163452
3.4202394485473633
3.992612361907959
3.6350526809692383
3.6085948944091797
3.786984443664551
3.250394344329834
3.627307891845703
3.618133068084717
3.270158290863037
3.526031970977783
3.289762496948242
3.383479595184326
3.2960429191589355
3.582160472869873
3.2753233909606934
3.547140121459961
3.3514866828918457
3.714916944503784
3.5646467208862305
3.399017572402954
3.5854034423828125
2.9611129760742188
3.5839152336120605
3.514730453491211
3.3430233001708984
3.621124029159546
3.2173800468444824
3.386491060256958
3.6527886390686035
3.3193507194519043
3.3051648139953613
3.6380972862243652
3.2920660972595215
3.222817897796631
3.378838539123535
3.4880590438842773
3.436575412750244
3.187887668609619
3.1736133098602295
3.234677791595459
3.1473870277404785
3.3216123580932617
3.1751508712768555
3.1371817588806152
3.499443292617798
3.1446971893310547
3.4673914909362793
3.450331211090088
3.466764211654663
3.4072928428649902
3.2385544776916504
3.44681453704834
3.1368281841278076
3.2668874263763428
3.3786044120788574
3.216616630554199
3.292098045349121
2.9942808151245117
3.3872103691101074
3.5756125450134277
3.193467617034912
3.4829206466674805
3.3501968383789062
3.133820056915283
3.2007198333740234
3.230074882507324
3.4494872093200684
3.4487409591674805
3.1125245094299316
3.216423988342285
3.0539302825927734
3.271677017211914
3.552129030227661
3.33713960647583
3.392026424407959
3.2562263011932373
3.300992727279663
3.311354637145996
3.2507431507110596
3.1285955905914307
3.2123050689697266
3.205501079559326
3.0222575664520264
