Mean Rank: 781
Mean RR: 0.0056
Hit@1: 0.0000
Hit@3: 0.0000
Hit@5: 0.0000
Hit@10: 0.0063
14.354593276977539
13.415597915649414
13.146049499511719
12.768070220947266
13.417461395263672
13.311212539672852
13.202903747558594
13.42343521118164
13.41448974609375
12.396305084228516
12.487239837646484
12.225287437438965
11.998427391052246
12.178796768188477
12.066195487976074
12.476691246032715
11.339290618896484
11.409944534301758
10.786930084228516
11.217132568359375
11.806053161621094
10.410196304321289
10.411715507507324
10.104875564575195
9.912662506103516
9.554985046386719
9.527705192565918
9.137829780578613
9.221548080444336
8.758013725280762
8.60178279876709
8.24109935760498
7.696956634521484
7.832827568054199
7.618820667266846
7.129053115844727
7.168396949768066
6.795413017272949
6.834865093231201
6.405876159667969
6.986327171325684
6.767786979675293
6.831579208374023
7.195394515991211
6.590274333953857
7.033895015716553
6.432790756225586
6.552261829376221
6.402307510375977
6.612116813659668
6.177067756652832
6.5770978927612305
6.510225296020508
5.863405227661133
6.47149658203125
5.752001762390137
6.266800880432129
6.424899101257324
6.183954238891602
5.993945121765137
6.0703325271606445
6.160340309143066
5.906124114990234
5.8397979736328125
5.893575191497803
5.840292930603027
5.59560489654541
5.571803569793701
5.853562355041504
6.072756290435791
5.954288482666016
5.599588394165039
5.455439567565918
5.580352783203125
5.604473114013672
5.597858428955078
5.485548496246338
5.506990432739258
5.106310844421387
5.269907474517822
5.200282096862793
5.506811141967773
5.73298454284668
5.322577953338623
4.824581623077393
5.429939270019531
5.25233268737793
5.384703636169434
5.351945877075195
5.332773208618164
5.06027889251709
5.02782678604126
5.011951923370361
5.365383148193359
5.082079887390137
5.754316329956055
4.671257972717285
4.9959917068481445
4.8178558349609375
4.887819766998291
4.744353771209717
5.141737461090088
4.753907203674316
4.536371231079102
4.895987510681152
4.928672790527344
4.929113388061523
4.679178237915039
4.872226238250732
4.907227516174316
4.868455410003662
4.750814437866211
4.785014629364014
5.004974365234375
4.883257865905762
5.072751998901367
4.412310600280762
4.387845993041992
4.774166107177734
4.680829048156738
4.859853744506836
4.863780975341797
4.593362331390381
4.459366798400879
4.840395927429199
4.58455753326416
4.676700592041016
4.374594211578369
4.403201103210449
4.45741081237793
4.583070755004883
4.4844746589660645
4.748483657836914
4.943965911865234
4.6785759925842285
4.771641731262207
4.3624372482299805
4.619998931884766
4.294371604919434
4.497637748718262
4.427567481994629
4.1248369216918945
4.143304347991943
4.853190898895264
4.600455284118652
4.140133380889893
4.537853240966797
4.2144670486450195
4.33818244934082
4.551944732666016
4.024885177612305
4.4594197273254395
3.7639966011047363
4.3669915199279785
4.364107608795166
4.123018741607666
4.362800598144531
4.355051040649414
4.357686519622803
4.159088134765625
4.165169715881348
4.101217269897461
4.226297378540039
3.80387806892395
4.2397871017456055
4.217536926269531
3.921137809753418
4.177369117736816
4.318950653076172
4.183487892150879
4.37415885925293
3.994338035583496
4.370185375213623
4.07050895690918
4.037212371826172
3.995840311050415
3.983677864074707
4.58574104309082
4.183803558349609
4.222694396972656
3.9874091148376465
3.9608259201049805
4.062202453613281
4.2808074951171875
