Mean Rank: 605
Mean RR: 0.0099
Hit@1: 0.0000
Hit@3: 0.0000
Hit@5: 0.0125
Hit@10: 0.0250
14.354593276977539
13.415597915649414
13.146049499511719
12.768070220947266
13.417461395263672
13.311212539672852
13.202903747558594
13.42343521118164
13.41448974609375
12.396305084228516
12.487239837646484
12.225287437438965
11.998427391052246
12.178796768188477
12.066195487976074
12.476691246032715
11.339290618896484
11.409944534301758
10.786930084228516
11.217132568359375
11.806053161621094
10.410196304321289
10.411715507507324
10.104875564575195
9.912662506103516
9.554985046386719
9.527705192565918
9.137829780578613
9.221548080444336
8.758013725280762
8.60178279876709
8.24109935760498
7.696956634521484
7.832827568054199
7.618820667266846
7.129053115844727
7.168396949768066
6.795413017272949
6.834865093231201
6.405876159667969
6.986327171325684
6.767786979675293
6.831579208374023
7.195394515991211
6.590274333953857
7.033895015716553
6.432790756225586
6.552261829376221
6.402307510375977
6.612116813659668
6.177067756652832
6.5770978927612305
6.510225296020508
5.863405227661133
6.47149658203125
5.752001762390137
6.266800880432129
6.424899101257324
6.183954238891602
5.993945121765137
6.0703325271606445
6.160340309143066
5.906124114990234
5.8397979736328125
5.893575191497803
5.840292930603027
5.59560489654541
5.571803569793701
5.853562355041504
6.072756290435791
5.954288482666016
5.599588394165039
5.455439567565918
5.580352783203125
5.604473114013672
5.597858428955078
5.485548496246338
5.506990432739258
5.106310844421387
5.269907474517822
5.200282096862793
5.506811141967773
5.73298454284668
5.322577953338623
4.824581623077393
5.429939270019531
5.25233268737793
5.384703636169434
5.351945877075195
5.332773208618164
5.06027889251709
5.02782678604126
5.011951923370361
5.365383148193359
5.082079887390137
5.754316329956055
4.671257972717285
4.9959917068481445
4.8178558349609375
4.887819766998291
4.744353771209717
5.141737461090088
4.753907203674316
4.536371231079102
4.895987510681152
4.928672790527344
4.929113388061523
4.679178237915039
4.872226238250732
4.907227516174316
4.868455410003662
4.750814437866211
4.785014629364014
5.004974365234375
4.883257865905762
5.072751998901367
4.412310600280762
4.387845993041992
4.774166107177734
4.680829048156738
4.859853744506836
4.863780975341797
4.593362331390381
4.459366798400879
4.840395927429199
4.58455753326416
4.676700592041016
4.374594211578369
4.403201103210449
4.45741081237793
4.583070755004883
4.4844746589660645
4.748483657836914
4.943965911865234
4.6785759925842285
4.771641731262207
4.3624372482299805
4.619998931884766
4.294371604919434
4.497637748718262
4.427567481994629
4.1248369216918945
4.143304347991943
4.853190898895264
4.600455284118652
4.140133380889893
4.537853240966797
4.2144670486450195
4.33818244934082
4.551944732666016
4.024885177612305
4.4594197273254395
3.7639966011047363
4.3669915199279785
4.364107608795166
4.123018741607666
4.362800598144531
4.355051040649414
4.357686519622803
4.159088134765625
4.165169715881348
4.101217269897461
4.226297378540039
3.80387806892395
4.2397871017456055
4.217536926269531
3.921137809753418
4.177369117736816
4.318950653076172
4.183487892150879
4.37415885925293
3.994338035583496
4.370185375213623
4.07050895690918
4.037212371826172
3.995840311050415
3.983677864074707
4.58574104309082
4.183803558349609
4.222694396972656
3.9874091148376465
3.9608259201049805
4.062202453613281
4.2808074951171875
3.8663418292999268
4.017178058624268
3.98978328704834
4.4011430740356445
3.97318172454834
4.3570380210876465
4.053722381591797
3.8078033924102783
4.188274383544922
3.8301401138305664
3.8431615829467773
3.3182740211486816
3.6938867568969727
4.029810428619385
4.197498798370361
3.8466379642486572
3.9990904331207275
3.9121029376983643
3.9358389377593994
4.1264328956604
3.9010508060455322
4.051117897033691
3.8803114891052246
3.9936323165893555
4.386357307434082
3.894519805908203
3.757477283477783
4.297631740570068
3.6278481483459473
3.877634286880493
3.934565782546997
3.7086520195007324
3.883810520172119
3.832535743713379
4.012476444244385
3.735980987548828
3.7231807708740234
4.157536506652832
3.65338397026062
3.5483524799346924
3.626845121383667
3.780562162399292
3.57755184173584
3.83134388923645
3.721619129180908
3.8520045280456543
3.7895607948303223
3.225590944290161
3.4879345893859863
3.830789804458618
3.5077333450317383
3.5991644859313965
3.9863991737365723
3.3096752166748047
4.095897197723389
3.791110038757324
3.7499284744262695
3.7086033821105957
3.9012351036071777
3.669522762298584
3.998718738555908
3.4921085834503174
3.7513694763183594
3.483023166656494
3.2960314750671387
3.957833766937256
3.2917771339416504
4.0847320556640625
4.048401355743408
3.4245107173919678
3.3774476051330566
3.6562352180480957
3.714247703552246
3.4938697814941406
3.432931900024414
3.9185361862182617
3.520968437194824
3.954287052154541
3.736757278442383
3.4388394355773926
3.653043031692505
3.593879222869873
3.4909274578094482
3.5282671451568604
3.8051538467407227
3.6091275215148926
3.5328540802001953
3.580965280532837
3.6343941688537598
3.865377426147461
3.7992358207702637
3.703970432281494
3.6479406356811523
3.306550979614258
3.6054036617279053
3.5255603790283203
3.614993095397949
3.585265636444092
3.5538833141326904
3.6632277965545654
3.370002508163452
3.4202394485473633
3.992612361907959
3.6350526809692383
3.6085948944091797
3.786984443664551
3.250394344329834
3.627307891845703
3.618133068084717
3.270158290863037
3.526031970977783
3.289762496948242
3.383479595184326
3.2960429191589355
3.582160472869873
3.2753233909606934
3.547140121459961
3.3514866828918457
3.714916944503784
3.5646467208862305
3.399017572402954
3.5854034423828125
2.9611129760742188
3.5839152336120605
3.514730453491211
3.3430233001708984
3.621124029159546
3.2173800468444824
3.386491060256958
3.6527886390686035
3.3193507194519043
3.3051648139953613
3.6380972862243652
3.2920660972595215
3.222817897796631
3.378838539123535
3.4880590438842773
3.436575412750244
3.187887668609619
3.1736133098602295
3.234677791595459
3.1473870277404785
3.3216123580932617
3.1751508712768555
3.1371817588806152
3.499443292617798
3.1446971893310547
3.4673914909362793
3.450331211090088
3.466764211654663
3.4072928428649902
3.2385544776916504
3.44681453704834
3.1368281841278076
3.2668874263763428
3.3786044120788574
3.216616630554199
3.292098045349121
2.9942808151245117
3.3872103691101074
3.5756125450134277
3.193467617034912
3.4829206466674805
3.3501968383789062
3.133820056915283
3.2007198333740234
3.230074882507324
3.4494872093200684
3.4487409591674805
3.1125245094299316
3.216423988342285
3.0539302825927734
3.271677017211914
3.552129030227661
3.33713960647583
3.392026424407959
3.2562263011932373
3.300992727279663
3.311354637145996
3.2507431507110596
3.1285955905914307
3.2123050689697266
3.205501079559326
3.0222575664520264
3.249302387237549
2.952239513397217
3.0730948448181152
3.0158371925354004
3.0413622856140137
3.134713888168335
2.960230588912964
3.1758036613464355
3.1461594104766846
2.951615333557129
3.3610572814941406
2.911515235900879
3.4654996395111084
2.9421494007110596
2.9941959381103516
2.991948127746582
3.253939151763916
3.006680727005005
3.2110142707824707
2.8881068229675293
2.9714913368225098
3.564565658569336
3.298830032348633
3.3672327995300293
3.261671543121338
3.0788488388061523
2.990450143814087
2.894153118133545
3.123894214630127
3.058229446411133
3.1267523765563965
3.0773301124572754
3.0341570377349854
3.0162718296051025
2.8039512634277344
3.0898985862731934
3.271261215209961
3.0713205337524414
2.827498435974121
3.2739601135253906
3.214062452316284
3.147322416305542
3.011305332183838
3.172128438949585
3.167886257171631
3.0356297492980957
2.9846291542053223
2.918799877166748
2.814673900604248
3.0087881088256836
2.763807773590088
2.9898290634155273
2.73740816116333
2.8284225463867188
2.719207763671875
3.025886058807373
2.730515956878662
2.8682820796966553
3.158208131790161
3.096831798553467
2.9336233139038086
2.891301155090332
2.9115657806396484
3.1172006130218506
2.977578639984131
2.698324680328369
3.0295205116271973
3.044304370880127
2.515925645828247
2.9209144115448
3.005798816680908
2.7819125652313232
2.996555805206299
2.9815032482147217
3.007995128631592
2.860297203063965
3.217109203338623
3.0121045112609863
2.8581223487854004
2.951475143432617
2.773341178894043
2.816391944885254
2.8525195121765137
2.694946765899658
2.7029120922088623
3.248703718185425
2.9424312114715576
3.058687925338745
3.235734224319458
3.019932746887207
2.9119372367858887
2.8627467155456543
2.5956711769104004
3.155503749847412
2.8322439193725586
2.859747886657715
2.7107582092285156
2.986227512359619
2.9790120124816895
2.813323974609375
2.7907204627990723
2.8362011909484863
2.902345657348633
2.6503381729125977
2.6271233558654785
2.820472478866577
2.7995386123657227
2.8334217071533203
2.8810276985168457
2.9081764221191406
2.9180407524108887
2.7914586067199707
2.9191179275512695
2.9587855339050293
2.908817768096924
2.927243232727051
2.6458547115325928
2.6964049339294434
2.720583915710449
2.762746572494507
2.9005630016326904
2.720855712890625
2.875298500061035
2.9282712936401367
2.880016565322876
2.6260480880737305
2.867204189300537
2.836009979248047
2.6692235469818115
2.9113502502441406
2.7546799182891846
2.809023380279541
3.0363729000091553
2.471269130706787
3.1147170066833496
2.9280195236206055
2.550130844116211
2.7905943393707275
2.6997532844543457
2.7525546550750732
2.9744019508361816
2.5849907398223877
2.692568302154541
2.871575355529785
2.7369279861450195
2.840071439743042
2.6750731468200684
2.5445680618286133
2.5008115768432617
2.6428489685058594
2.4836435317993164
2.689788341522217
2.904998540878296
2.5514652729034424
2.7778096199035645
2.5180699825286865
2.4973385334014893
2.522165298461914
2.7624611854553223
2.841346263885498
2.841343879699707
2.389346122741699
2.4900400638580322
2.673905372619629
2.732941150665283
2.7521324157714844
2.699939250946045
2.6922473907470703
2.9379115104675293
2.8096084594726562
2.5159497261047363
2.876450538635254
3.0928702354431152
3.0250842571258545
2.565783739089966
2.7815678119659424
2.358552932739258
3.0331568717956543
3.0263290405273438
2.8521032333374023
2.7387309074401855
2.647207736968994
2.563584327697754
2.814107894897461
2.3419504165649414
2.511688709259033
2.504603862762451
2.5009565353393555
2.6592636108398438
2.7863259315490723
2.5197834968566895
2.649885654449463
2.672145366668701
2.704092502593994
2.9894416332244873
2.812070846557617
2.509310483932495
2.7570791244506836
2.7838966846466064
2.541128635406494
2.8159689903259277
2.3755321502685547
2.4088597297668457
2.4496262073516846
2.5601022243499756
2.938985586166382
2.64078950881958
2.479099750518799
2.5144565105438232
2.5287516117095947
2.5676374435424805
2.6192328929901123
2.8789143562316895
2.6510519981384277
2.8778390884399414
2.7549619674682617
2.6403861045837402
2.8042845726013184
2.4884400367736816
2.3764946460723877
2.5738844871520996
2.9090912342071533
2.3033461570739746
2.5743443965911865
2.8636765480041504
2.27077317237854
2.5802865028381348
2.425023078918457
2.6484317779541016
2.785881757736206
2.437990188598633
2.4029197692871094
2.6134490966796875
2.609119176864624
2.4887747764587402
2.525150775909424
2.1016032695770264
2.2693538665771484
2.345710277557373
2.349851369857788
2.523136854171753
2.5546875
2.5963497161865234
2.521730899810791
2.637439012527466
2.6659116744995117
2.5034914016723633
2.600259304046631
2.24176025390625
2.6769847869873047
2.5614280700683594
2.431190013885498
2.7403674125671387
2.7223198413848877
2.557965040206909
2.3722500801086426
2.492675542831421
2.564229965209961
2.4597482681274414
2.56402325630188
2.4638352394104004
2.3658628463745117
2.668956995010376
2.511948585510254
2.380094528198242
2.4839954376220703
2.3671000003814697
2.5649709701538086
2.4212117195129395
2.532710313796997
2.4423954486846924
2.3679075241088867
2.4119529724121094
2.606006622314453
2.4931640625
2.2845401763916016
2.1530113220214844
2.377285957336426
2.2478082180023193
2.3594913482666016
2.4849400520324707
2.331876516342163
2.287069320678711
2.3334712982177734
2.2395195960998535
2.22993803024292
2.470839023590088
2.6730151176452637
2.146824836730957
2.1079964637756348
2.39555025100708
2.6828436851501465
2.473310708999634
2.313002109527588
2.4472789764404297
2.4229040145874023
2.4365713596343994
2.5373904705047607
2.344423294067383
2.4078965187072754
2.3628439903259277
2.4487571716308594
2.446930408477783
2.404749870300293
2.38930082321167
2.1820311546325684
2.608947515487671
2.5268688201904297
2.1234018802642822
2.3698582649230957
2.468940496444702
2.42899489402771
2.5234875679016113
2.5464696884155273
2.4992427825927734
2.5208544731140137
2.2905335426330566
2.5543980598449707
2.2354602813720703
2.4882516860961914
2.2630252838134766
2.5356340408325195
2.0992095470428467
2.3655664920806885
2.3384857177734375
2.35581374168396
2.4419851303100586
2.24222731590271
2.092484951019287
2.489715099334717
2.3364226818084717
2.3426778316497803
2.1251230239868164
2.3956704139709473
2.156527280807495
2.442617654800415
2.3513078689575195
2.3571791648864746
2.322711229324341
2.453113317489624
2.2268199920654297
2.3282318115234375
2.232916831970215
2.4238052368164062
2.287802219390869
2.5364537239074707
2.367492914199829
2.2922794818878174
2.4057979583740234
2.4110536575317383
2.1292104721069336
2.3577756881713867
2.295788288116455
2.140829086303711
2.1563563346862793
2.109095573425293
2.578324794769287
2.196843147277832
2.3211469650268555
2.5768556594848633
2.495675563812256
2.3186845779418945
2.0567476749420166
2.344010353088379
2.294856309890747
2.3528685569763184
2.587203025817871
2.2059712409973145
2.0345635414123535
2.1946473121643066
2.223712921142578
2.20841646194458
2.1167843341827393
2.017669677734375
2.2951083183288574
2.069300651550293
2.1464290618896484
2.3091139793395996
2.361332893371582
2.1744792461395264
2.1468493938446045
2.4802908897399902
2.1058247089385986
2.245865821838379
2.318025827407837
2.196017265319824
2.096256732940674
2.151516914367676
2.1571078300476074
2.2628865242004395
2.391237258911133
2.1227948665618896
2.197143316268921
2.3414626121520996
2.041289806365967
2.2248053550720215
2.2817327976226807
2.1142497062683105
2.283693313598633
2.355698585510254
2.186732053756714
2.3841233253479004
2.271414279937744
2.256347417831421
2.1722066402435303
2.1263864040374756
2.251645088195801
2.178218364715576
2.2532901763916016
2.2077298164367676
2.343608856201172
2.2489523887634277
2.3436834812164307
2.0973572731018066
2.253262758255005
1.978403925895691
2.038485288619995
2.203218460083008
2.0339913368225098
2.334162950515747
2.2444353103637695
2.174734115600586
1.973572015762329
2.373770236968994
2.3490662574768066
2.1413674354553223
2.08024001121521
2.2156262397766113
2.156026840209961
1.9477202892303467
2.1700541973114014
2.2418296337127686
2.0733518600463867
2.2665791511535645
2.225733518600464
2.2518467903137207
2.2307381629943848
2.054758310317993
2.1834616661071777
2.0730957984924316
1.8545560836791992
1.9665240049362183
2.2666616439819336
2.332014322280884
2.2078022956848145
2.3288190364837646
2.086350440979004
2.1382832527160645
2.160612106323242
2.062290668487549
2.3047595024108887
2.1398825645446777
2.174069881439209
2.028834819793701
2.191255569458008
1.9059314727783203
2.181363105773926
1.9658974409103394
2.3409759998321533
2.021300792694092
1.921165943145752
1.8919711112976074
2.0480618476867676
2.0889241695404053
2.1730844974517822
1.8757355213165283
2.034961223602295
1.9931764602661133
2.0078365802764893
2.1824021339416504
2.0071864128112793
2.043757438659668
2.024338960647583
2.1033999919891357
1.9819337129592896
2.1927194595336914
2.160165309906006
2.0241494178771973
2.2114076614379883
2.008864164352417
2.0040059089660645
1.9694209098815918
2.258462905883789
1.9931766986846924
2.0640132427215576
1.9656550884246826
2.103750467300415
2.1132609844207764
2.0254619121551514
2.240366220474243
2.174186944961548
1.8080875873565674
1.9599568843841553
1.9643373489379883
2.113967180252075
1.9966886043548584
2.043668746948242
2.174628973007202
2.0202643871307373
2.484928607940674
2.1009559631347656
2.106175661087036
1.8732872009277344
2.0938334465026855
2.004869222640991
2.1331560611724854
2.1365456581115723
2.207636833190918
2.0515635013580322
2.1437649726867676
1.8523575067520142
1.8869024515151978
1.9406993389129639
1.9129424095153809
1.934883952140808
2.0447497367858887
2.154935836791992
2.155229330062866
2.0331223011016846
1.7577698230743408
1.994032621383667
1.96298086643219
1.9031825065612793
1.8467772006988525
2.0279691219329834
2.021777629852295
2.2502832412719727
2.035478115081787
1.8666460514068604
2.100425958633423
2.023904323577881
1.915437936782837
1.8793693780899048
1.9001314640045166
2.0464069843292236
1.9889051914215088
2.166644811630249
2.0661723613739014
2.1076555252075195
1.8414474725723267
2.0059967041015625
2.1449015140533447
1.9117933511734009
2.2452571392059326
2.0784873962402344
2.015117645263672
1.9732921123504639
1.821779489517212
1.944779872894287
1.974111795425415
1.9788538217544556
2.113247871398926
1.8865925073623657
1.8151625394821167
1.8408304452896118
1.8030487298965454
1.872089147567749
2.052565574645996
1.985870599746704
2.0101819038391113
2.0087924003601074
1.9036755561828613
2.047290802001953
2.1041035652160645
1.9309234619140625
2.023003101348877
2.01060152053833
2.0029590129852295
1.8395395278930664
1.9200893640518188
1.9904911518096924
2.103238105773926
1.955747365951538
1.8547110557556152
2.0230836868286133
1.8643218278884888
1.9984679222106934
2.0287468433380127
2.0153417587280273
1.990557312965393
1.9741864204406738
1.9647667407989502
1.9700653553009033
1.8802411556243896
2.053400993347168
2.102764844894409
1.9406272172927856
1.9392545223236084
2.0580763816833496
1.7516417503356934
2.0014657974243164
1.7766577005386353
1.9832041263580322
1.9545211791992188
1.866546630859375
1.802104115486145
1.7901301383972168
1.8714617490768433
1.8151676654815674
1.9740703105926514
1.846731424331665
1.8371607065200806
1.924093246459961
1.8995686769485474
1.6327040195465088
1.8120217323303223
1.9899027347564697
1.9046248197555542
1.7287578582763672
1.9915375709533691
1.9246195554733276
1.882505178451538
1.9054840803146362
1.770110845565796
1.7921440601348877
1.9613361358642578
1.7683277130126953
1.9362393617630005
1.8053666353225708
1.9382604360580444
1.9547765254974365
1.774572730064392
1.8395742177963257
1.8795404434204102
1.869947910308838
1.9382262229919434
2.1137795448303223
1.5409505367279053
1.987644910812378
1.9723800420761108
1.666609764099121
1.9351348876953125
1.6918262243270874
1.8380346298217773
2.0531868934631348
1.8873695135116577
1.9712754487991333
2.0068111419677734
1.799882173538208
1.7499479055404663
1.9371418952941895
1.9486801624298096
1.6549415588378906
1.7745516300201416
1.9121989011764526
1.6184840202331543
1.851405382156372
1.9665226936340332
1.5742874145507812
1.6705880165100098
1.7791481018066406
1.773195505142212
1.7440086603164673
1.8487720489501953
1.9806146621704102
1.7701637744903564
1.71892249584198
2.091425657272339
1.7499473094940186
1.7949755191802979
2.0268197059631348
1.622295618057251
1.6370930671691895
1.7814240455627441
1.8926769495010376
1.8205525875091553
1.7340437173843384
1.81095552444458
1.943821668624878
1.7768813371658325
1.8572478294372559
1.760432243347168
1.7357685565948486
1.9094501733779907
1.550362467765808
1.8293750286102295
1.8928616046905518
1.7440102100372314
1.7012083530426025
1.7142773866653442
1.9180184602737427
2.0658586025238037
1.9464231729507446
1.7708194255828857
1.7139008045196533
1.6954900026321411
1.9250729084014893
1.7700977325439453
1.8671032190322876
1.9403953552246094
1.699610948562622
1.666028380393982
1.6009074449539185
1.796203374862671
1.6150981187820435
1.724118709564209
1.7025203704833984
1.72139573097229
1.640675663948059
1.711101770401001
1.8512011766433716
1.7936913967132568
1.7495908737182617
1.7356443405151367
1.750677466392517
1.752506971359253
1.9356635808944702
1.8072303533554077
1.6354701519012451
2.0705156326293945
1.685943603515625
1.6860820055007935
1.7412450313568115
1.8047904968261719
1.6895272731781006
1.7195987701416016
1.9214234352111816
1.6878201961517334
1.8985542058944702
1.743759274482727
1.6953058242797852
2.031367063522339
1.7242292165756226
1.6696234941482544
1.5971190929412842
1.662088394165039
1.5506808757781982
1.725998044013977
1.6967300176620483
1.7422726154327393
1.7773364782333374
2.021556854248047
1.8333141803741455
1.7807693481445312
1.8046226501464844
1.8467401266098022
